((("CMS課題" .
	 [0 0 0 1 0])
	("NOT" .
	 [1 0 2])
	("login_id=" .
	 [1 0 0 0 0 0 0 0 0])
	("login_id" .
	 [0 0 1 0 0 0 0 0])
	("ホーム画面作成" .
	 [0 0 1 0 0 0 0])
	("users.branch_id" .
	 [0 0 0 0 0 0 0 0 0 1 0 0 0 0 0])
	("branches.id" .
	 [0 0 0 0 0 0 0 0 0 0 1])
	("branches" .
	 [2 0 0 0 1 0 1 1])
	("営業部" .
	 [0 0 1])
	("稼働中" .
	 [0 0 1])
	("html" .
	 [3 0 0 0])
	("*edges*" .
	 [0 0 1 0 0 0 0])
	("describe-paths" .
	 [0 0 0 0 1 0 0 0 0 0 0 0 0 0])
	("edges" .
	 [1 0 0 0 0])
	("assoc" .
	 [1 0 0 0 0])
	("location" .
	 [1 0 0 0 1 0 0 0])
	("describe-path" .
	 [0 0 0 0 0 0 0 0 0 0 0 0 2])
	("cadr" .
	 [1 0 0 0])
	("edge" .
	 [0 0 4 0])
	("there" .
	 [1 0 0 0 0])
	("describe-location" .
	 [0 0 1 0 0 0 0 0 0 0 0 0 0 0 0 0 0])
	("text" .
	 [1 0 0 0])
	("defparameter" .
	 [0 0 2 1 0 2 0 0 0 0 0 0])
	("*small*" .
	 [1 0 0 0 2 0 0])
	("*big*" .
	 [0 0 0 1 2])
	("defun" .
	 [4 0 0 1 0])
	("guess-my-number" .
	 [0 0 3 0 0 1 0 0 0 0 0 0 0 0 0])
	("setf" .
	 [0 0 0 1])
	("fizz-buzz" .
	 [0 0 0 0 0 5 0 0 0])
	("princ" .
	 [0 0 0 2 1])
	("Fizz" .
	 [0 0 1 1])
	("mod" .
	 [2 0 0])
	("living-room" .
	 [0 0 3 0 0 0 0 1 0 0 0])
	("garden" .
	 [0 0 1 1 0 0])
	("attic" .
	 [0 0 0 0 2])
	("door" .
	 [1 0 0 0])
	("ladder" .
	 [0 0 1 0 0 0])
	("div" .
	 [2 0 0])
	("class" .
	 [0 0 0 2 0])
	("hello" .
	 [0 0 3 0 1])
	("script" .
	 [0 0 1 0 0 0])
	("let" .
	 [4 0 0])
	("world" .
	 [0 0 1 1 0])
	("alert" .
	 [0 0 2 2 0])
	("else" .
	 [0 0 0 1])
	("function" .
	 [0 0 0 2 0 0 0 0])
	("addString" .
	 [0 0 0 0 1 0 0 0 0])
	("add" .
	 [1 0 0])
	("id=" .
	 [1 0 2])
	("update" .
	 [0 0 1 0 0 0])
	("users" .
	 [8 0 0 0 5])
	("name" .
	 [1 0 0 0])
	("password" .
	 [0 0 0 0 1 0 0 0])
	("{password}" .
	 [0 0 0 0 0 1 0 0 0 0])
	("<select" .
	 [0 0 0 1 0 0 0])
	("SELECT" .
	 [0 0 4 0 0 0])
	("</select>" .
	 [0 0 0 0 1 0 0 0 0])
	("FROM" .
	 [0 1 3 0])
	("WHERE" .
	 [0 0 1 1 0])
	("{id}" .
	 [0 0 0 1])
	("branch:" .
	 [0 0 0 3 0 0 0])
	("branch_name" .
	 [0 0 0 1 0 0 0 0 0 0 0])
	("positions" .
	 [0 0 1 0 0 0 0 0 0])
	("departments" .
	 [0 0 3 0 0 0 0 0 0 1 0])
	("CMS課題着手" .
	 [0 0 0 2 0 0 0])
	("INSERT" .
	 [0 0 1 0 0 0])
	("INTO" .
	 [0 0 0 1])
	("branch_code" .
	 [0 0 0 5 0 0 0 0 0 0 0])
	("branches.code" .
	 [0 0 0 2 0 0 0 0 0 0 0 0 0])
	("char" .
	 [1 0 0 2])
	("updated_date" .
	 [0 0 0 0 0 0 1 0 0 0 0 0])
	("NULL" .
	 [0 0 1 0])
	("datetime" .
	 [0 0 1 0 1 0 0 0])
	("deleted_user_id" .
	 [0 0 0 0 1 0 0 0 0 0 0 0 0 0 0])
	("code" .
	 [2 0 0 0])
	("name_kana" .
	 [0 0 0 0 0 1 0 0 0])))
